              precision    recall  f1-score   support

    B-Amount      0.813     0.582     0.679      1070
    I-Amount      0.849     0.632     0.725      7502
   B-Anatomy      0.733     0.674     0.702     22559
   I-Anatomy      0.714     0.694     0.704     87702
   B-Disease      0.840     0.865     0.852     33756
   I-Disease      0.853     0.880     0.866    118334
      B-Drug      0.881     0.840     0.860     13329
      I-Drug      0.875     0.847     0.861     50971
  B-Duration      0.763     0.471     0.583       963
  I-Duration      0.762     0.454     0.569      3130
 B-Frequency      0.832     0.703     0.762       485
 I-Frequency      0.815     0.722     0.766      1768
     B-Level      0.767     0.496     0.602      1533
     I-Level      0.748     0.471     0.578      3725
    B-Method      0.784     0.627     0.697       861
    I-Method      0.785     0.711     0.746      2127
 B-Operation      0.924     0.846     0.883       630
 I-Operation      0.926     0.890     0.908      2630
    B-Reason      0.533     0.273     0.361      3595
    I-Reason      0.495     0.304     0.377     17841
   B-SideEff      0.595     0.382     0.465       747
   I-SideEff      0.637     0.413     0.501      2459
   B-Symptom      0.718     0.561     0.630      4196
   I-Symptom      0.699     0.553     0.617     16038
      B-Test      0.813     0.775     0.793     43795
      I-Test      0.795     0.741     0.767    144908
B-Test_Value      0.698     0.491     0.576      8623
I-Test_Value      0.790     0.684     0.733     64775
 B-Treatment      0.823     0.543     0.654      1033
 I-Treatment      0.802     0.593     0.682      4204

 avg / total      0.790     0.739     0.762    665289
